217 207 213 164 49 75 51 68 92
214 181 178 102 59 47 168 106 86
149 157 159 95 37 42 99 100 88
57 111 142 185 186 180 54 40 54
74 83 95 180 175 173 31 31 34
105 57 36 60 80 153 205 197 168
250 136 168 220 95 127 92 69 156
161 163 141 77 70 58 229 236 213
181 178 168 37 25 17 115 91 73
26 25 19 101 98 85 208 213 204
69 64 62 118 116 116 173 175 179
98 39 41 180 186 188 107 112 115
139 134 138 165 160 163 39 35 39
79 80 93 27 28 35 197 196 209
228 228 226 75 78 72 169 129 110
44 46 45 157 150 145 211 217 215
180 157 130 228 58 11 66 20 12
180 174 161 158 49 57 44 47 47
18 16 15 197 168 173 162 88 105
159 190 216 117 104 88 61 47 37
51 32 18 182 149 132 234 55 38
120 121 112 184 187 182 162 163 155
146 88 50 234 245 243 188 180 143
41 47 84 226 238 233 154 145 136
36 41 26 187 183 159 123 147 69
193 197 181 50 52 43 101 109 103
140 146 147 106 91 73 73 45 35
114 104 75 148 153 127 11 13 7
164 169 157 153 25 15 92 103 75
209 215 205 102 98 86 26 26 19
194 42 18 114 20 9 214 202 185
64 111 120 75 173 209 192 210 203
180 177 162 206 43 18 155 149 132
41 34 31 153 156 156 126 125 123
243 230 219 74 66 56 128 115 97
44 41 42 197 41 25 228 177 166
35 36 31 216 219 217 97 95 87
155 156 150 75 65 60 134 135 131
222 64 78 229 141 167 181 28 41
174 94 115 122 55 70 190 137 155
41 43 40 118 117 114 144 143 140
180 150 79 150 86 43 139 150 156
40 36 32 139 122 116 185 188 186
213 218 217 45 46 46 159 153 147
84 100 124 36 55 81 142 151 164
9 138 217 210 39 44 201 175 49
241 193 80 69 56 41 111 144 170
141 95 96 63 66 57 173 171 159
192 202 184 174 182 160 125 113 112
33 36 35 167 147 118 226 232 229
31 24 23 149 58 66 244 245 237
147 110 88 77 54 43 155 175 186
50 35 40 197 220 227 132 133 130
160 193 240 150 151 111 52 45 48
243 253 253 138 123 118 46 31 26
196 203 198 15 16 11 96 89 78
37 33 31 128 125 123 149 151 151
44 110 104 114 188 190 52 171 172
108 133 166 55 61 50 206 208 206
216 208 191 64 86 74 21 21 17
27 52 43 112 136 173 206 204 199
86 106 136 175 177 175 47 47 42
58 48 44 113 113 100 176 176 172
97 138 188 51 63 71 136 173 205
162 84 81 173 178 176 58 53 57
133 134 133 14 15 13 159 161 161
198 235 242 102 72 58 117 114 104
60 82 98 115 122 125 192 196 185
151 146 141 48 48 43 110 91 81
236 218 205 179 94 69 102 41 22
167 191 186 2 111 85 42 148 134
182 208 225 133 145 93 46 56 36
87 93 87 143 138 125 164 173 182
175 172 162 116 110 95 187 144 35
3 113 167 187 181 166 163 168 161
114 96 77 221 232 236 35 13 10
15 18 13 151 172 190 51 58 51
250 236 242 174 140 169 44 51 55
164 154 141 21 22 20 232 234 231
196 176 111 98 94 84 23 25 21
133 137 135 46 52 53 216 221 215
24 27 24 87 87 81 148 158 164
148 160 171 132 136 135 31 31 33
23 26 16 96 85 61 203 183 143
108 75 82 33 35 36 142 152 177
52 65 61 216 212 203 126 131 130
151 139 119 46 175 223 51 65 67
200 195 181 40 33 27 113 78 70
92 45 48 15 58 103 174 184 187
37 55 83 202 42 33 215 215 214
199 201 195 32 34 34 122 93 75
47 48 51 96 88 89 228 231 228
150 122 124 73 77 83 236 220 217
49 50 58 185 185 175 183 52 47
87 77 72 128 130 130 174 184 173
22 26 24 143 150 148 9 111 136
172 139 123 210 223 222 62 62 62
228 237 233 171 153 138 51 49 40
196 197 189 53 45 35 116 104 90
30 35 44 136 138 137 116 120 118
228 58 11 66 20 12 180 157 130
158 50 57 44 47 47 180 174 161
177 178 163 48 52 49 136 136 120
155 158 157 45 38 42 131 131 127
139 159 175 109 106 97 40 52 57
243 183 127 128 146 155 53 61 66
217 229 227 67 65 45 42 42 29
193 203 204 65 89 83 22 24 17
114 117 98 27 28 22 210 212 201
147 137 107 232 225 187 187 177 140
54 58 32 224 240 241 133 135 90
133 159 190 90 68 58 11 79 153
180 163 139 143 130 107 75 98 97
116 123 111 203 224 248 58 62 31
44 29 19 138 160 176 83 111 146
238 237 228 209 110 67 125 159 192
130 138 127 179 189 174 72 80 74
171 179 173 40 29 18 89 88 81
202 217 211 179 153 105 125 104 63
31 33 33 120 126 126 182 183 181
37 36 28 172 169 165 9 11 8
215 211 202 108 104 100 33 32 28
215 56 46 35 33 30 103 103 98
127 131 132 70 71 70 197 196 186
197 191 188 113 125 125 42 46 45
130 130 113 56 59 55 229 240 247
68 70 72 54 88 234 144 136 124
115 100 104 194 210 243 52 45 48
214 221 211 89 96 90 27 30 25
130 112 79 199 169 123 8 9 8
208 180 134 117 159 83 38 42 29
212 198 187 75 53 38 188 110 88
199 173 154 43 127 160 52 41 30
122 93 64 25 20 12 189 181 163
220 189 141 146 123 85 11 13 12
196 160 110 150 117 75 19 22 22
171 167 164 38 36 28 9 12 8
66 57 40 183 185 172 111 113 99
126 104 89 73 43 31 107 215 213
28 33 35 104 126 111 200 209 164
177 160 90 51 54 56 189 205 219
232 230 217 229 74 5 252 122 57
232 71 56 198 46 31 246 228 62
33 39 48 193 199 186 177 182 169
74 70 61 34 33 29 193 194 182
65 64 56 167 169 162 159 161 152
188 155 129 204 176 152 163 130 103
176 181 175 172 174 159 82 88 82
177 177 168 181 64 58 170 170 159
177 181 173 179 72 68 167 170 160
218 205 193 34 43 72 199 45 30
156 147 128 68 51 35 187 180 161
68 52 39 139 133 116 249 254 254
114 118 111 61 78 89 142 160 164
207 220 221 93 94 80 43 44 35
140 126 105 172 176 143 91 151 87
34 42 43 147 163 160 146 31 27
36 34 28 103 115 117 203 198 192
158 155 186 105 88 110 37 31 37
33 33 32 113 112 108 147 157 158
45 46 45 181 183 181 154 155 153
131 127 86 48 45 33 153 159 155
53 52 50 153 138 123 229 216 204
23 24 22 172 173 169 208 210 209
197 182 159 226 222 212 27 26 22
176 180 181 27 30 26 133 132 126
216 219 239 104 66 72 170 123 135
146 153 95 79 117 153 38 59 77
31 54 71 133 143 145 193 192 185
35 38 35 171 170 169 190 39 37
98 200 91 173 153 135 19 28 17
107 98 96 213 221 225 36 39 27
173 175 174 136 138 134 74 72 65
159 162 160 172 173 172 139 140 137
120 54 69 140 152 180 184 164 65
126 83 68 167 158 164 40 37 34
81 47 48 220 234 246 208 121 104
174 177 175 154 22 22 66 34 24
160 164 163 86 74 63 128 122 115
180 167 147 40 69 81 45 36 29
238 210 213 41 73 112 43 149 142
224 100 28 59 57 120 243 246 237
166 28 25 170 162 156 122 13 11
193 205 206 90 97 97 197 127 64
26 22 19 140 112 104 199 197 150
55 61 61 242 246 243 151 151 134
76 73 80 143 146 145 46 144 182
72 46 39 163 171 169 107 102 95
198 221 235 148 136 146 65 51 54
107 87 77 38 40 70 179 202 203
191 44 24 77 62 58 136 136 131
55 69 70 211 194 171 110 111 103
155 128 73 106 166 203 52 61 77
183 186 164 69 82 92 30 29 24
111 103 91 184 202 205 44 42 32
179 172 152 22 23 19 79 78 67
184 84 94 212 196 149 42 46 46
25 26 25 188 193 187 147 60 68
64 64 60 120 107 99 181 216 218
204 222 217 129 129 122 83 69 61
177 180 151 34 42 50 95 95 93
232 250 252 140 151 156 42 49 47
235 251 251 20 14 13 52 46 44
189 188 187 36 37 28 102 115 107
131 120 123 53 57 66 200 203 190
51 47 44 226 239 240 136 133 125
145 137 131 51 53 49 239 244 246
124 129 125 55 69 70 9 10 9
97 105 115 184 190 187 37 44 44
107 107 97 188 188 172 61 63 56
152 151 151 104 23 17 216 219 217
119 106 90 155 176 184 20 25 26
177 165 150 152 113 86 239 52 88
111 107 82 36 35 26 181 183 151
168 39 47 162 164 163 40 47 50
192 198 199 74 68 59 120 115 109
209 211 209 25 25 24 155 160 154
30 83 145 147 184 205 173 59 58
18 113 173 9 48 89 176 194 195
13 14 14 95 42 39 144 148 146
7 8 8 101 14 13 149 158 156
57 52 38 146 115 100 196 195 189
141 128 117 203 231 244 48 57 56
108 103 65 34 32 23 168 172 122
232 179 124 32 27 22 131 85 58
41 35 26 173 106 64 191 193 177
227 210 165 30 27 20 101 79 62
158 163 151 62 46 34 102 102 90
104 108 102 177 183 176 43 47 41
142 132 127 81 70 61 240 239 228
125 91 87 150 163 154 64 81 69
106 100 94 39 42 39 167 168 160
162 35 46 177 213 213 138 23 28
139 146 148 108 112 95 73 71 31
71 88 96 137 139 137 248 182 68
94 118 95 40 44 27 204 209 204
117 118 112 65 71 67 222 223 223
73 58 46 118 99 84 236 241 240
185 179 188 133 134 148 101 101 109
217 188 171 137 94 94 245 246 235
42 43 40 213 225 222 125 129 127
187 189 187 32 124 101 41 39 32
24 31 22 232 239 242 109 110 93
204 210 208 85 74 66 148 149 145
27 37 62 129 165 198 5 8 7
77 116 101 33 44 38 192 195 194
44 63 44 120 123 136 242 246 249
116 110 97 250 112 89 67 66 53
34 40 32 95 94 89 190 196 200
67 99 106 23 39 37 248 250 251
45 51 52 244 161 68 181 168 155
84 80 79 193 202 195 19 23 25
153 144 136 41 47 84 226 237 232
37 41 27 124 147 69 188 186 164
193 197 181 101 109 103 50 52 44
106 91 73 140 146 147 73 45 35
11 13 7 148 153 126 114 104 74
153 25 15 164 169 157 92 103 75
26 25 18 208 213 204 101 97 85
214 202 185 114 20 9 194 42 18
76 174 210 64 111 121 193 211 203
180 177 162 155 149 132 206 43 18
126 125 123 41 34 31 153 156 156
128 115 97 243 230 219 74 66 56
116 191 194 45 111 104 53 171 172
225 231 219 35 37 34 159 129 114
76 66 55 158 160 143 209 220 210
140 138 140 154 151 153 127 125 124
200 197 198 217 211 215 123 114 131
133 133 134 78 75 80 122 120 121
184 159 179 116 115 170 62 58 65
162 155 154 40 35 62 123 125 135
139 134 138 165 160 163 39 35 39
34 31 34 210 205 209 116 111 115
146 149 132 200 218 218 66 62 53
69 71 69 142 127 117 174 203 211
242 240 242 163 198 225 73 92 116
28 29 30 177 199 212 90 115 131
127 98 72 41 33 29 183 172 156
73 54 39 154 191 173 141 106 83
185 199 207 45 65 100 26 37 63
49 80 129 157 164 166 210 53 81
46 92 143 87 177 207 211 230 237
173 198 206 35 53 93 56 88 148
39 54 85 62 92 150 157 174 161
210 52 154 68 97 161 109 193 73
155 187 192 221 226 228 120 145 137
133 122 129 61 46 69 163 176 182
74 102 150 49 48 52 194 205 212
232 239 238 61 96 155 99 144 218
197 196 209 79 80 93 27 28 35
66 80 94 200 215 227 177 197 206
204 144 167 252 247 246 216 224 234
154 179 176 84 104 96 63 97 160
40 58 95 157 147 148 118 23 27
42 63 99 168 180 185 79 48 51
111 136 164 73 91 112 206 215 225
68 89 116 146 176 196 44 51 60
55 79 130 174 48 64 216 211 197
152 179 196 63 99 157 148 100 73
241 241 243 67 78 89 207 215 219
124 173 238 74 51 43 129 83 43
170 113 64 93 62 40 169 183 236
54 61 67 230 231 235 119 146 179
207 223 191 126 161 88 56 77 62
228 229 235 123 131 145 33 38 44
250 246 245 216 230 235 159 178 190
238 241 236 86 137 207 126 168 98
172 183 173 117 120 96 62 57 42
92 90 188 196 101 45 90 50 35
106 135 145 76 77 80 187 201 197
175 113 7 205 197 202 73 70 65
143 140 145 174 119 58 63 60 66
163 164 186 63 43 42 12 10 11
82 124 188 50 53 60 159 166 183
27 28 22 169 177 183 70 69 63
134 128 132 103 98 101 185 155 67
150 149 149 166 163 166 20 19 22
248 240 247 71 42 71 92 58 90
73 87 97 229 215 216 56 69 74
226 223 230 122 104 95 32 25 27
11 7 6 224 171 57 78 56 27
216 180 199 166 132 72 177 55 131
186 38 14 241 190 120 61 84 143
202 111 106 137 61 48 186 63 47
176 28 47 67 37 38 235 151 106
221 91 8 192 82 12 49 23 14
117 13 13 251 114 2 198 71 19
109 74 80 219 215 253 35 34 40
213 211 226 57 76 136 163 148 122
30 27 28 169 165 166 131 124 119
114 104 111 189 185 216 48 46 54
213 208 216 61 58 65 163 142 108
34 39 41 195 176 195 67 81 103
99 98 134 185 189 213 41 39 43
55 45 24 199 194 196 151 102 59
122 104 121 48 44 47 176 179 220
182 177 179 167 164 165 52 74 147
145 41 40 141 93 100 213 203 222
50 34 37 144 150 165 5 3 6
46 39 43 220 215 242 121 115 120
172 64 68 137 36 37 227 205 227
184 187 218 61 61 69 146 151 186
104 117 172 195 195 218 49 59 102
192 195 249 57 55 54 136 139 165
182 184 210 113 119 153 61 60 78
225 218 223 43 52 57 106 113 165
143 133 153 214 215 237 134 30 43
61 61 72 132 130 132 210 211 248
20 18 18 93 87 86 194 190 194
128 128 128 199 204 241 39 40 43
64 40 43 130 129 131 179 180 195
20 26 22 63 80 77 208 203 207
29 27 31 57 64 92 184 184 201
91 106 156 27 25 26 171 172 190
216 211 212 72 69 85 204 121 21
175 173 247 86 75 74 248 242 250
189 191 251 38 30 34 185 131 106
198 182 149 80 58 29 249 195 2
159 168 234 140 136 140 77 83 79
120 119 101 190 199 252 64 62 54
241 236 245 60 86 85 186 189 190
60 72 66 108 145 157 193 191 245
117 114 113 37 40 39 138 137 138
107 55 55 157 179 176 240 241 244
147 114 34 74 67 64 143 141 144
54 76 148 189 166 120 56 47 40
150 133 115 223 211 202 47 44 45
152 132 92 118 63 20 14 12 16
251 140 2 207 189 164 36 40 65
194 170 91 47 89 41 213 184 103
160 49 64 72 71 79 200 195 206
52 36 43 241 236 253 172 176 196
205 204 230 108 109 163 45 43 57
140 149 197 55 57 75 236 232 252
245 237 252 66 78 141 196 197 245
32 32 49 116 76 146 185 182 193
53 56 79 252 247 251 148 158 212
188 189 238 82 50 53 144 137 168
179 194 250 119 140 214 89 71 86
54 49 76 121 137 195 213 214 254
58 55 183 219 209 173 44 41 41
36 31 34 189 184 185 116 91 88
142 140 143 94 92 99 210 203 209
97 93 95 34 31 34 198 189 171
109 126 104 196 207 186 57 156 118
41 35 32 204 159 74 235 228 229
213 80 14 195 177 161 79 83 131
126 127 128 106 104 29 27 28 32
32 31 25 108 94 83 224 218 223
83 80 95 217 206 208 172 125 93
172 173 203 72 113 216 118 97 90
173 170 178 88 84 73 135 131 129
238 232 234 120 120 142 64 61 59
31 28 29 118 114 117 207 208 209
220 214 217 113 102 100 57 51 54
241 191 50 45 39 40 128 131 224
204 199 216 88 90 98 33 31 33
34 29 47 86 77 145 226 219 234
217 215 222 45 46 57 99 105 130
17 17 21 52 56 58 148 141 123
141 129 104 70 47 40 117 108 86
176 124 101 34 32 34 138 94 91
127 125 126 79 77 77 28 25 27
96 97 101 211 203 204 43 40 40
128 123 124 143 142 149 56 32 50
136 137 139 95 21 34 119 111 105
116 115 93 37 45 51 139 138 113
188 199 235 50 67 111 133 116 82
195 178 172 47 41 40 189 145 98
139 138 147 121 123 128 102 104 106
82 88 101 100 115 143 129 146 182
112 126 148 136 151 177 96 108 123
74 69 76 119 114 114 139 136 140
72 67 155 196 200 224 164 177 217
129 127 126 158 156 164 106 103 103
66 70 86 181 178 181 127 123 122
141 138 141 129 124 122 75 17 28
44 29 23 86 64 51 171 169 174
64 68 84 245 240 249 23 23 28
82 78 76 114 110 109 142 142 147
147 145 149 68 49 41 118 103 92
108 25 25 23 27 47 175 173 177
105 113 142 44 46 56 178 183 208
41 30 30 161 158 158 129 91 60
135 117 104 46 41 39 159 155 158
23 20 25 210 212 232 176 181 208
38 37 45 103 110 129 128 130 145
202 205 224 113 117 151 251 247 251
114 113 113 132 130 132 39 36 34
208 210 233 233 230 247 115 121 154
41 42 47 118 111 108 193 191 196
96 139 104 185 185 170 63 110 77
181 176 178 98 68 65 22 19 20
37 34 36 111 109 112 236 230 234
162 159 162 34 36 53 125 122 120
210 202 168 163 25 40 187 108 97
133 136 153 118 113 110 47 38 76
140 141 163 219 211 210 53 50 48
29 30 30 158 159 179 113 113 116
69 60 92 141 145 171 159 164 202
161 154 152 122 58 75 191 189 195
148 150 160 94 88 99 194 192 197
117 51 62 193 196 223 65 51 51
147 145 148 166 161 160 34 33 53
215 211 225 109 100 113 49 38 32
39 30 24 193 177 165 84 69 63
93 85 84 203 200 205 35 27 27
137 105 76 186 181 184 59 39 29
153 144 137 190 186 191 77 50 32
155 118 79 71 48 41 209 200 193
175 177 186 163 129 55 64 44 36
60 44 38 205 199 201 140 141 139
89 109 84 166 163 182 63 42 42
110 107 124 59 44 41 220 216 224
62 42 38 227 221 231 135 120 116
139 152 152 186 195 205 66 104 98
51 34 27 108 74 53 186 166 134
158 33 62 183 167 192 195 42 78
77 63 63 130 103 100 211 209 218
242 232 232 18 14 14 134 95 73
32 24 21 203 135 86 132 82 52
212 91 102 68 45 40 231 217 216
171 23 40 212 196 194 43 31 28
178 161 144 31 39 35 108 83 65
193 168 156 124 27 34 9 2 4
129 105 85 168 138 110 16 12 13
148 144 120 196 192 200 63 62 60
36 36 33 135 134 64 93 81 66
167 171 189 6 4 7 144 148 163
51 72 81 174 180 201 201 203 225
140 163 100 35 30 29 216 72 22
185 181 179 45 45 53 230 223 230
118 117 123 244 241 244 77 75 72
17 15 17 161 159 163 51 47 47
37 71 143 145 139 137 86 81 77
150 147 150 44 56 55 123 119 118
94 20 21 182 178 192 140 92 93
117 122 99 135 144 118 58 60 50
88 86 113 246 240 250 188 190 226
63 70 78 197 201 213 251 247 250
214 214 5 176 178 189 142 62 63
121 37 40 184 173 176 220 201 4
210 207 212 109 100 96 38 36 40
36 50 38 167 169 149 101 117 87
7 8 6 247 228 209 95 77 64
73 77 91 157 190 209 144 140 124
116 117 110 151 150 139 22 24 20
167 200 126 46 59 36 100 124 72
187 195 194 150 131 114 91 78 66
36 37 43 204 199 161 128 127 105
42 48 39 176 179 171 111 119 95
243 171 30 25 68 40 141 114 70
126 126 118 163 188 209 26 26 23
209 176 149 177 24 24 67 12 11
101 89 71 142 131 114 49 35 24
51 49 43 105 107 108 193 195 190
216 184 157 75 66 53 124 107 91
215 205 169 26 26 20 119 103 78
124 122 121 77 70 70 220 236 241
66 58 51 217 230 227 107 103 98
105 92 79 54 49 41 170 180 171
170 177 200 66 65 67 126 116 113
62 75 66 123 136 126 192 199 211
94 93 91 137 135 131 234 242 244
177 180 175 116 119 118 41 45 41
212 217 221 111 97 83 44 51 36
27 41 27 156 185 160 79 108 80
106 102 91 225 239 233 72 44 30
65 66 61 201 206 212 123 124 118
239 220 212 177 57 75 119 59 67
240 242 232 160 160 131 87 90 65
78 75 75 191 199 191 18 22 23
127 216 178 25 144 98 45 69 41
250 136 168 92 69 156 220 95 127
160 162 140 77 70 58 229 235 213
145 11 30 172 160 157 156 135 119
202 199 175 138 120 97 236 238 223
234 61 73 246 197 138 10 155 82
168 168 168 129 131 128 149 151 150
27 28 24 159 156 143 124 121 108
6 100 145 176 168 148 128 115 93
108 116 115 17 18 17 211 224 230
211 219 209 20 116 193 69 68 60
5 124 197 179 177 161 79 59 44
18 14 9 230 239 220 151 101 40
37 25 17 181 178 168 115 91 73
174 178 165 225 221 201 4 121 164
19 21 15 152 155 157 132 133 132
